mopac
  dmax=0.2 AM1 PRECISE ef GEO-OK 
  Distorted Benzene for geom. opt. tests
  Heat should be 22.022 kcal/mol
 C         0.000000   0    0.000000   0    0.000000   0  0   0   0
 C         1.500000   1    0.000000   0    0.000000   0  1   0   0
 C         1.200000   1  110.000000   1    0.000000   0  2   1   0
 C         1.500000   1  130.000000   1   20.000000   1  3   2   1
 C         1.200000   1  105.000000   1  -20.000000   1  4   3   2
 C         1.500000   1  130.000000   1   25.000000   1  5   4   3
 H         0.800000   1  109.500000   1  145.000000   1  1   2   3
 H         1.200000   1  130.000000   1 -135.000000   1  2   3   4
 H         1.200000   1  109.500000   1  140.000000   1  3   4   5
 H         0.800000   1  130.000000   1 -135.000000   1  4   5   6
 H         1.200000   1  120.000000   1 -135.000000   1  5   6   1
 H         0.800000   1  120.000000   1  145.000000   1  6   1   2
 0         0          0    0          0    0          0  0   0   0

