mopac
 AM1 TS PREC DMAX=0.2
 ETHANE ROTATIONAL BARRIER  Heat should be -16.165
 starting from idealized gs, rotated 5 degrees
  C    0.000000 0    0.000000 0    0.000000  0   0  0  0
  C    1.500000 1    0.000000 0    0.000000  0   1  0  0
  H    1.100000 1  110.000000 1    0.000000  0   2  1  0
  H    1.100000 1  110.000000 1  120.000000  1   2  1  3
  H    1.100000 1  110.000000 1 -120.000000  1   2  1  3
  H    1.100000 1  110.000000 1   55.000000  1   1  2  3
  H    1.100000 1  110.000000 1  -65.000000  1   1  2  3
  H    1.100000 1  110.000000 1  175.000000  1   1  2  3
  0    0.000000 0    0.000000 0    0.000000  0   0  0  0

