title
morphine 6-31g basis SCF hessian E = 
noprint
geom angs
 1.29095 -1.97161  1.77903 6.0 c
 1.36010 -1.38240  2.99371 6.0 c
 0.69178 -0.18489  3.32699 6.0 c
-0.05036  0.21818  2.28548 6.0 c
-0.90013  1.96808  0.91841 6.0 c
 0.16444  2.93175  0.40466 6.0 c
 1.35295  2.23468 -0.20868 6.0 c
 1.20069  1.19099 -0.98809 6.0 c
-0.14094 -0.85033 -1.68295 6.0 c
 0.60617 -1.79752 -0.70172 6.0 c
 0.52925 -1.39670  0.76129 6.0 c
-0.17914 -0.26464  1.08053 6.0 c
-0.94432  0.62765  0.13383 6.0 c
-0.16631  0.60365 -1.19532 6.0 c
-2.37602  0.13072 -0.11270 6.0 c
-2.38373 -1.23717 -0.78927 6.0 c
-1.61054 -2.55366 -2.66934 6.0 c
 0.89648  0.45060  4.51137 8.0 o
 0.61389  3.84351  1.38721 8.0 o
-0.63332  1.60863  2.31914 8.0 o
-1.52894 -1.24614 -1.99186 7.0 n
 1.83235 -2.89940  1.59402 1.0 h
 1.96827 -1.86069  3.76148 1.0 h
-1.86464  2.47621  0.82676 1.0 h
-0.34548  3.52454 -0.36049 1.0 h
 2.32910  2.59488 -0.00611 1.0 h
 2.04122  0.76238 -1.47123 1.0 h
 0.42615 -0.91201 -2.61647 1.0 h
 0.16779 -2.79149 -0.83103 1.0 h
 1.65265 -1.81623 -1.02014 1.0 h
-0.67231  1.22834 -1.93734 1.0 h
-2.89031  0.06400  0.85058 1.0 h
-2.88948  0.85604 -0.75078 1.0 h
-2.01646 -1.98029 -0.07530 1.0 h
-3.41255 -1.47975 -1.07135 1.0 h
-2.65823 -2.79427 -2.87264 1.0 h
-1.17733 -3.32531 -2.02609 1.0 h
-1.05658 -2.51124 -3.61177 1.0 h
 1.29935  1.29759  4.36028 1.0 h
 1.37415  3.49063  1.83442 1.0 h
end
basis 6-31g
runtype hessian
scftype direct
enter
