mopac
scfcrt=1.d-8  AM1 ts PRECISE  DMAX=0.2
 typical TS search. Diels-Alder of butadiene+ethylene, no symmetry
 start geometry is optimized with fixed C-C=2.00 Heat should be 70.150
  C    0.0000000  0      0.000000  0      0.000000  0    0    0    0     -0.1621
  C    1.3564422  1      0.000000  0      0.000000  0    1    0    0     -0.1621
  C    1.4326767  1    120.833690  1      0.000000  0    1    2    0     -0.1588
  C    1.4326773  1    120.833808  1     -0.002082  1    2    1    3     -0.1588
  C    2.0000000  1    103.097227  1     56.436908  1    3    1    2     -0.1844
  C    2.0000000  1    103.098022  1    -56.433507  1    4    2    1     -0.1844
  H    1.1010113  1    120.676674  1    174.272101  1    1    2    3      0.1213
  H    1.1010116  1    120.676528  1   -174.269398  1    2    1    4      0.1213
  H    1.1027387  1    117.419606  1    -49.657967  1    3    1    2      0.1016
  H    1.1002209  1    117.452284  1    168.195675  1    3    1    2      0.0946
  H    1.1027388  1    117.419712  1     49.662159  1    4    2    1      0.1016
  H    1.1002217  1    117.451869  1   -168.192363  1    4    2    1      0.0946
  H    1.1024308  1    116.634616  1    110.055300  1    5    6    4      0.0923
  H    1.1020193  1    116.622840  1   -110.819689  1    5    6    4      0.0955
  H    1.1020192  1    116.622770  1    110.821211  1    6    5    3      0.0955
  H    1.1024304  1    116.634443  1   -110.053558  1    6    5    3      0.0923

